matchid,date
Matches/MatchScorecard_ODI.asp?MatchCode=4397,2020-01-12
Matches/MatchScorecard_ODI.asp?MatchCode=4394,2020-01-09
Matches/MatchScorecard_ODI.asp?MatchCode=4379,2019-11-11
Matches/MatchScorecard_ODI.asp?MatchCode=4378,2019-11-09
Matches/MatchScorecard_ODI.asp?MatchCode=4377,2019-11-06
